cfd2 nd3k shipsec8 shipsec1 Dubcova3 parabolic_fem s3dkt3m2 smt ship_003 ship_001 cant offshore pdb1HYS s3dkq4m2 thread shipsec5 consph 
0.555964 0.599545 0.666034 0.547578 0.210777 1.089691 0.195627 0.153742 0.997299 0.169611 0.131436 1.389671 0.206689 0.165724 0.912810 1.518318 1.831192 
 0.565212 1.003165 0.681671 0.576109 0.212696 1.101328 0.187339 0.170988 0.959434 0.168041 0.132540 1.420367 0.215933 0.172619 0.941302 1.390647 1.825422 
 0.554856 1.003065 0.676563 0.545040 0.220791 1.105382 0.217353 0.267550 1.005674 0.301754 0.175474 1.356704 0.268985 0.175490 1.079914 1.412962 1.912084 
 0.662415 1.003488 0.875401 0.668855 0.221206 1.163905 0.216242 0.270921 1.008241 0.304587 0.176910 1.415620 0.356191 0.182715 1.417359 1.815305 2.274452 
 0.661309 1.003056 0.873227 0.669071 0.222274 1.167178 0.280437 0.271136 0.994288 0.302529 0.175376 1.433194 0.359312 0.238422 1.393171 1.916390 2.251492 
 0.582244 0.599123 0.705269 0.600848 0.212665 1.097811 0.191065 0.158721 1.008159 0.173929 0.137745 1.441356 0.219513 0.167474 0.933700 1.385492 1.874682 
 0.573983 0.599400 0.703061 0.596121 0.210762 1.096577 0.189476 0.161097 0.998477 0.169278 0.136863 1.438983 0.216062 0.175647 0.931602 1.385806 1.885362 
 0.577300 0.596911 0.699156 0.590797 0.212136 1.097535 0.191636 0.159254 0.993936 0.168956 0.137763 1.449983 0.213460 0.175088 0.921968 1.385947 1.877956 
 0.882607 1.002398 1.135452 0.933237 0.236260 1.257872 0.280988 0.270088 1.667675 0.300475 0.177967 2.215609 0.357943 0.240688 1.390069 2.243423 3.215057 
 0.711444 0.593544 0.804903 0.730963 0.312396 1.290531 0.281244 0.173523 1.132772 0.194466 0.190312 1.829283 0.243976 0.263939 0.951663 1.582626 1.915888 
 