cfd2 nd3k shipsec8 shipsec1 Dubcova3 parabolic_fem s3dkt3m2 smt ship_003 ship_001 cant offshore pdb1HYS s3dkq4m2 thread shipsec5 consph 
0.565483 0.607868 0.684473 0.573579 0.221275 1.10605 0.206289 0.15582 1.01261 0.182274 0.144518 1.39969 0.211193 0.192656 0.935727 1.53331 1.846 
 0.574703 1.0273 0.708747 0.592832 0.226303 1.11025 0.191948 0.18152 0.974693 0.178202 0.141824 1.44418 0.228993 0.179888 0.953441 1.40594 1.84817 
 0.563116 1.01372 0.6951 0.562325 0.238638 1.11943 0.234125 0.275126 1.0215 0.320219 0.193514 1.38821 0.27391 0.186275 1.10587 1.4354 1.94581 
 0.673668 1.02223 0.893043 0.688938 0.236933 1.1759 0.230011 0.277234 1.02259 0.321501 0.192467 1.44261 0.377194 0.189493 1.45961 1.8331 2.31585 
 0.669593 1.02386 0.891814 0.682391 0.232417 1.18414 0.303302 0.278689 1.01779 0.319547 0.192803 1.44819 0.370876 0.258032 1.43437 1.95066 2.28009 
 0.592745 0.606388 0.727222 0.621792 0.219471 1.10652 0.203158 0.16506 1.02378 0.189596 0.151195 1.46906 0.223169 0.183486 0.947755 1.39727 1.89667 
 0.583766 0.604621 0.726552 0.616903 0.222615 1.10367 0.204699 0.164268 1.01394 0.189977 0.151979 1.45776 0.229955 0.182758 0.951205 1.40367 1.90347 
 0.583919 0.605765 0.724541 0.610262 0.22362 1.11164 0.206775 0.162369 1.00543 0.172877 0.152922 1.46371 0.234728 0.179657 0.940477 1.40516 1.90233 
 0.900976 1.02141 1.16541 0.964147 0.250541 1.27024 0.28636 0.29222 1.72385 0.32048 0.191689 2.24733 0.382805 0.255946 1.41695 2.29396 3.27613 
 0.747906 0.605051 0.858407 0.784716 0.353518 1.34507 0.312022 0.177344 1.1639 0.211759 0.213668 1.86958 0.260813 0.289988 0.960838 1.6817 1.94269 
 