cfd2 nd3k shipsec8 shipsec1 Dubcova3 parabolic_fem s3dkt3m2 smt ship_003 ship_001 cant offshore pdb1HYS s3dkq4m2 thread shipsec5 consph 
11265 468 10011 11741 14335 69727 7405 1877 9321 2560 5521 33436 2609 6505 2184 18520 8994 
 14515 87 12797 14608 16155 72590 8194 1550 13736 2384 4312 49024 1898 7181 1622 22195 10152 
 10120 87 8998 11293 12456 62204 6545 856 8312 1387 3111 32862 1448 5461 1332 19452 8125 
 9270 87 8168 9462 12456 57267 6545 856 8312 1387 3111 28104 1149 5461 923 14793 7711 
 9270 87 8168 9462 12456 57267 5882 856 8312 1387 3111 26419 1149 4957 923 13650 7711 
 19448 432 16851 19105 14862 73303 10451 2774 20202 4502 7288 55991 4127 9570 3570 25370 15373 
 18237 396 15841 17843 14191 70752 9617 2551 18771 4149 7197 52809 3730 8286 3187 24456 15089 
 17168 374 14844 17051 13713 69295 9355 2367 17581 3734 7075 50747 3610 8007 2921 23749 14589 
 8100 87 7061 8341 11705 55991 5882 856 6695 1387 3111 21969 1149 4957 923 12124 6759 
 43005 468 32079 37943 50653 216614 26909 4349 33650 6799 15303 121843 6255 22694 4837 55881 22186 
 