cfd2 nd3k shipsec8 shipsec1 Dubcova3 parabolic_fem s3dkt3m2 smt ship_003 ship_001 cant offshore pdb1HYS s3dkq4m2 thread shipsec5 consph 
0.565366 0.609817 0.789862 0.689147 0.315134 1.124253 0.297117 0.257870 1.032596 0.301567 0.181706 1.400521 0.271243 0.194098 0.964575 1.538278 1.879791 
 0.580665 1.045784 0.787379 0.693330 0.337759 1.122131 0.194540 0.189899 0.985494 0.247994 0.212732 1.459094 0.318084 0.192153 0.971892 1.422542 1.860963 
 0.569763 1.037305 0.770269 0.684376 0.373345 1.137475 0.363646 0.279483 1.037172 0.405239 0.303321 1.405484 0.289850 0.260231 1.132080 1.454412 1.979436 
 0.679286 1.045952 0.961690 0.795865 0.362772 1.191755 0.323818 0.282164 1.040593 0.422451 0.297610 1.457970 0.395000 0.199615 1.481777 1.846822 2.339530 
 0.678471 1.038407 0.972103 0.752046 0.314534 1.194061 0.422933 0.289677 1.032602 0.409334 0.268589 1.461294 0.386845 0.414312 1.457510 1.980962 2.314711 
 0.602540 0.612969 0.817209 0.763056 0.267794 1.113983 0.281321 0.175689 1.036956 0.310384 0.243582 1.491294 0.225425 0.295948 0.977767 1.415314 1.914568 
 0.591929 0.608853 0.828981 0.717881 0.308827 1.112172 0.313998 0.166961 1.026981 0.326108 0.259101 1.486554 0.319132 0.189762 0.967359 1.435674 1.923914 
 0.590888 0.614214 0.855763 0.697687 0.304282 1.121130 0.327329 0.169180 1.023459 0.178057 0.279956 1.486898 0.370236 0.186331 0.962635 1.418142 1.923130 
 0.911988 1.037750 1.269218 1.043542 0.345685 1.278109 0.290988 0.305154 1.840831 0.432342 0.292393 2.294837 0.480892 0.268153 1.464478 2.324475 3.316425 
 0.797361 0.615385 0.988806 0.849506 0.512008 1.406517 0.407697 0.183636 1.196128 0.290382 0.327492 1.992285 0.346677 0.338415 0.988193 1.792831 1.986231 
 