apache2 ecology2 tmt_sym boneS01 G3_circuit thermal2 af_shell3 StocF-1465 Fault_639 nd24k inline_1 Emilia_923 boneS10 ldoor bone010 Hook_1498 audikw_1 Flan_1565 
4.097391 2.532059 2.053553 0.735727 5.366397 2.623354 0.985403 20.468740 70.198558 31.285296 1.605986 105.303751 3.482137 1.568567 32.537884 58.249483 49.363944 31.598560 
 4.094249 2.573370 2.072698 0.727620 5.378000 2.638766 1.001874 20.770471 70.487683 32.073864 1.644699 105.335847 3.550375 1.582850 33.005293 58.425796 49.346994 31.914241 
 4.109953 2.561977 2.059628 0.746760 5.369180 2.635105 0.963817 20.536442 70.683309 38.570902 1.604158 105.216582 3.378010 1.617376 32.505167 57.682340 49.151593 31.247714 
 4.124445 2.584351 2.082750 0.738850 5.394317 2.681942 0.969805 20.340525 70.121075 48.191469 1.813659 105.476096 4.064353 1.684207 33.057990 57.888503 48.850010 30.717696 
 4.150176 2.659794 2.083238 0.869005 5.430644 2.859371 1.040413 20.018350 70.244250 48.228733 2.015899 104.546483 4.414945 1.693588 33.340374 57.424900 48.582980 30.574189 
 4.092396 2.553571 2.079525 0.742434 5.372719 2.611238 1.013761 21.529129 70.647446 31.409373 1.796307 105.790875 3.810281 1.611276 34.221316 59.146223 49.312074 31.620585 
 4.090162 2.542817 2.074124 0.751163 5.363648 2.610916 1.027976 20.689746 70.074217 31.372957 1.747079 105.432072 3.755781 1.606479 33.813530 59.165059 49.447759 31.513461 
 4.085476 2.553644 2.072480 0.740383 5.375642 2.610678 1.016814 20.835353 70.222674 31.298113 1.723151 106.025469 3.661527 1.607993 33.840673 58.409635 49.219848 32.026744 
 5.429102 2.818384 2.197473 1.215751 5.806983 2.926804 1.230641 29.361541 119.836795 48.495133 2.380723 181.775437 5.166214 2.016659 52.439701 96.885394 83.371385 44.014253 
 4.319928 2.549953 2.038980 0.882882 5.715837 0 1.649940 0 72.258186 31.468842 2.549624 0 4.987440 2.777325 0 0 0 0 
 
