apache2 ecology2 tmt_sym boneS01 G3_circuit thermal2 af_shell3 StocF-1465 Fault_639 nd24k inline_1 Emilia_923 boneS10 ldoor bone010 Hook_1498 audikw_1 Flan_1565 
4.11139 2.54024 2.06728 0.74993 5.38266 2.65676 1.03048 20.7685 70.7909 31.6707 1.61801 106.236 3.56776 1.58668 32.8566 58.5677 50.1885 31.9959 
 4.11179 2.58523 2.08445 0.743123 5.39374 2.69416 1.03766 21.1117 71.243 32.555 1.6604 106.324 3.57719 1.5924 33.3592 59.0929 49.964 32.2145 
 4.13124 2.56849 2.06642 0.758947 5.39404 2.65209 0.996971 20.7638 71.0946 39.1984 1.62681 106.079 3.51705 1.64043 32.82 58.4109 49.5513 31.5845 
 4.14903 2.61065 2.08879 0.757723 5.40245 2.70002 1.00932 20.5881 70.7684 48.9406 1.86128 106.247 4.20736 1.6956 33.9514 58.2756 49.267 31.1909 
 4.16274 2.66987 2.08925 0.889054 5.45259 2.89074 1.0763 20.3755 70.9925 48.9331 2.09648 106.315 4.54462 1.6988 33.892 57.827 49.4584 31.0049 
 4.11547 2.56117 2.0919 0.759911 5.38639 2.63864 1.07385 21.8223 71.5107 31.7033 1.81075 107.282 3.84549 1.63343 34.6039 59.6628 49.9865 32.1269 
 4.11028 2.55257 2.08263 0.758067 5.37106 2.65239 1.07376 21.4168 71.351 31.7469 1.77622 106.656 3.79943 1.62138 34.3233 59.5424 50.1441 32.1063 
 4.09823 2.56429 2.07908 0.751641 5.38594 2.64385 1.04429 21.2452 71.3253 31.7041 1.73565 106.819 3.73103 1.61664 34.1223 59.1643 50.089 32.4744 
 5.47052 2.83588 2.20875 1.25169 5.82434 2.96446 1.28293 29.6081 120.993 48.9987 2.42159 183.894 5.38407 2.04473 53.3977 98.1914 84.7893 44.9376 
 4.41642 2.60138 2.0484 0.894686 8.44102 0 1.75989 0 72.8039 31.8881 2.64639 0 5.06403 3.02316 0 0 0 0
 
