 apache2 ecology2 tmt_sym boneS01 G3_circuit thermal2 af_shell3 StocF-1465 Fault_639 nd24k inline_1 Emilia_923 boneS10 ldoor bone010 Hook_1498 audikw_1 Flan_1565 
169241 127809 110160 10093 283221 140151 36545 158150 38445 3480 29679 54995 57297 74699 55390 156757 54551 82230 
 283237 161078 131140 16146 413837 179352 47015 302527 80190 1428 41969 115000 70702 95964 93993 313352 110340 143598 
 210099 137734 114855 11176 331128 153515 39029 232127 56416 981 30668 79458 57101 77531 62839 227034 74616 84894 
 194369 131882 113024 11176 299897 143797 36856 204756 49850 625 28251 69143 55576 72628 55285 201156 62121 72114 
 183917 127885 110274 10621 292707 138244 35224 184851 44400 625 27639 63614 55007 72085 51755 187441 58698 71615 
 252024 154373 123671 19895 361688 174562 59825 364849 120713 3992 67116 174594 111007 111959 158771 387079 170072 246646 
 241677 149167 120506 18566 347266 169286 55153 346917 114218 3882 59411 165789 101114 105806 145615 367190 159235 213224 
 234780 145101 119087 17806 340426 164111 51930 335071 109610 3769 55169 159404 93933 100000 138384 353422 151896 203190 
 163468 125193 108310 9177 276842 136744 34375 139600 30305 625 26702 43270 53030 70703 44319 137733 43885 63333 
 668545 478243 387158 44102 1021098 0 156608 0 192246 4181 141251 0 248510 299147 0 0 0 0
