 apache2 ecology2 tmt_sym boneS01 G3_circuit thermal2 af_shell3 StocF-1465 Fault_639 nd24k inline_1 Emilia_923 boneS10 ldoor bone010 Hook_1498 audikw_1 Flan_1565 
4.142097 2.586918 2.063886 0.734687 5.372062 2.649095 1.033476 20.756869 71.417792 32.059650 1.642210 107.080366 3.596502 1.624004 33.037387 58.911495 50.270043 32.344962 
 4.129330 2.599656 2.097155 0.753937 5.412470 2.738747 1.095927 21.454807 71.956920 32.941779 1.698132 107.914122 3.603948 1.610715 33.707958 59.936602 50.542915 32.571003 
 4.158713 2.577716 2.088129 0.770374 5.408450 2.668180 1.042821 21.268712 71.574794 39.563106 1.674983 107.153133 3.596284 1.734021 33.067019 59.061595 50.091302 31.893610 
 4.160776 2.629757 2.097226 0.765753 5.433608 2.718169 1.036262 20.916843 71.306912 49.816437 1.897536 107.215922 4.343167 1.722529 34.699238 58.667972 49.496277 31.692868 
 4.186275 2.681474 2.107469 0.909035 5.463875 2.941510 1.113561 20.778173 71.946243 49.809252 2.232033 107.165694 4.643341 1.706455 34.340089 58.473813 50.253117 31.370598 
 4.127055 2.571379 2.120220 0.780220 5.404848 2.659095 1.140264 22.030568 72.625373 32.241406 1.855395 108.247103 3.911876 1.646599 35.070923 60.082540 50.486514 32.801636 
 4.130418 2.568009 2.089364 0.770447 5.388197 2.702548 1.107611 21.881197 72.447281 32.107561 1.812288 107.592710 3.839948 1.665545 34.765242 60.135409 50.720083 32.545180 
 4.121068 2.577502 2.091316 0.773833 5.404968 2.699530 1.093025 21.755747 72.313673 31.975925 1.743484 107.677740 3.764037 1.631047 34.550777 59.863497 50.844961 32.938726 
 5.523144 2.862433 2.218528 1.279625 5.848151 2.984806 1.314386 30.026346 122.379481 50.066710 2.476369 187.257457 5.467168 2.073657 54.530232 99.449113 85.884945 46.233046 
 4.561044 2.698412 2.056136 0.921098 10.238899 0 1.831102 0 73.523214 32.245094 2.892846 0 5.172068 3.716906 0 0 0 0
 
