bcsstk34 msc01050 bcsstk21 plbuckle plat1919 bcsstk11 msc00726 nasa1824 Trefethen_2000 msc01440 bcsstk23 
0.003277 0.003106 0.015994 0.004131 0.007470 0.006397 0.005301 0.005643 0.055393 0.004699 0.019860 
 0.002865 0.002646 0.014117 0.002290 0.005806 0.003586 0.006820 0.005714 0.055209 0.004874 0.020733 
 0.002815 0.002618 0.014152 0.002245 0.005688 0.003574 0.006857 0.005457 0.070363 0.004840 0.024506 
 0.002736 0.002570 0.014251 0.002297 0.005702 0.003579 0.006808 0.005419 0.070640 0.004791 0.024540 
 0.002863 0.002675 0.013853 0.002299 0.005725 0.003553 0.006719 0.005485 0.070319 0.004801 0.024433 
 0.002804 0.002578 0.013923 0.002254 0.005736 0.003480 0.005538 0.005453 0.055365 0.004878 0.019655 
 0.002824 0.002595 0.014289 0.002317 0.005806 0.003525 0.005200 0.005259 0.055382 0.004836 0.020784 
 0.002787 0.002610 0.013947 0.002354 0.005781 0.003532 0.005427 0.005327 0.055595 0.004902 0.021058 
 0.002788 0.002613 0.014116 0.002297 0.005806 0.003533 0.006720 0.005455 0.070685 0.004848 0.024226 
 0.003625 0.005920 0.018571 0.006814 0.009364 0.006892 0.006457 0.008969 0.055080 0.008262 0.021549 
 