bcsstk34 msc01050 bcsstk21 plbuckle plat1919 bcsstk11 msc00726 nasa1824 Trefethen_2000 msc01440 bcsstk23 
0.005684 0.006107 0.017458 0.006221 0.013160 0.008097 0.008215 0.007258 0.057773 0.008026 0.021425 
 0.004401 0.005291 0.015098 0.004636 0.006557 0.004267 0.009942 0.007812 0.057563 0.007685 0.022336 
 0.004355 0.005379 0.014990 0.004889 0.006683 0.006287 0.009651 0.006826 0.073166 0.007113 0.026246 
 0.004288 0.005222 0.014946 0.005344 0.006602 0.006256 0.009757 0.007329 0.073117 0.007785 0.025959 
 0.004344 0.005413 0.015007 0.005344 0.007251 0.004172 0.010135 0.007101 0.073089 0.007638 0.026133 
 0.004378 0.005092 0.015093 0.004480 0.006666 0.006179 0.007635 0.007302 0.057645 0.007745 0.021261 
 0.004299 0.005365 0.015022 0.004634 0.006576 0.005884 0.007404 0.007068 0.057557 0.007494 0.022981 
 0.004334 0.004531 0.015138 0.004695 0.006631 0.006156 0.007638 0.007489 0.057592 0.007494 0.022152 
 0.004305 0.005189 0.014988 0.004497 0.006618 0.004110 0.010001 0.007237 0.073734 0.007644 0.025791 
 0.006253 0.013143 0.027766 0.015607 0.019897 0.016326 0.009922 0.020910 0.059190 0.016963 0.032625 
 