bcsstk34 msc01050 bcsstk21 plbuckle plat1919 bcsstk11 msc00726 nasa1824 Trefethen_2000 msc01440 bcsstk23 
46 111 710 106 211 137 55 177 266 132 370 
 31 111 704 106 207 133 34 295 461 118 511 
 31 111 704 106 207 133 34 171 231 118 318 
 31 111 704 106 207 133 34 171 231 118 318 
 31 111 704 106 207 133 34 171 231 118 318 
 31 111 704 106 207 133 67 171 461 118 671 
 31 111 704 106 207 133 67 171 461 118 511 
 31 111 704 106 207 133 67 171 461 118 511 
 31 111 704 106 207 133 34 171 231 118 318 
 113 379 2400 387 775 474 127 641 686 475 1401 
 