bcsstk34 msc01050 bcsstk21 plbuckle plat1919 bcsstk11 msc00726 nasa1824 Trefethen_2000 msc01440 bcsstk23 
0.00328194 0.00361103 0.0148456 0.00315695 0.00647521 0.00398413 0.00632295 0.00579323 0.0565066 0.00541583 0.0191496 
 0.00338217 0.0035751 0.0145826 0.00304999 0.0061475 0.00382884 0.00842468 0.00624428 0.0565177 0.00568629 0.0214905 
 0.00336155 0.00345666 0.0145965 0.00291217 0.00615293 0.00387009 0.00844573 0.0059851 0.0719125 0.005573 0.0252287 
 0.00324623 0.0034034 0.014574 0.00300726 0.00618284 0.00389438 0.00834923 0.00595419 0.0721262 0.00566595 0.0252003 
 0.003329 0.00350817 0.0145826 0.00295627 0.00616774 0.00382137 0.00842689 0.00599275 0.0717835 0.00562717 0.0252054 
 0.00328099 0.00344888 0.0146178 0.00314449 0.00614936 0.00382666 0.00660262 0.00601601 0.0567205 0.00561759 0.0204333 
 0.00333036 0.0035351 0.0145904 0.00291793 0.0061382 0.00383163 0.00652385 0.00594332 0.056682 0.00560343 0.0215146 
 0.00326677 0.00339813 0.0146025 0.0029378 0.00613184 0.00385288 0.00660925 0.00593666 0.0567321 0.00554795 0.0215686 
 0.0034079 0.00348202 0.0145656 0.00290567 0.00613872 0.0037753 0.0083663 0.00595851 0.0724523 0.00557121 0.0251302 
 0.0048445 0.00867026 0.0219877 0.00988732 0.0127966 0.010374 0.00827428 0.0154679 0.0574009 0.0123767 0.0266985 
 