nasa4704 crystm01 bcsstk15 bodyy4 aft01 bodyy5 bodyy6 bcsstk18 bcsstk24 Muu nasa2910 t2dah_e obstclae jnlbrng1 
613 864 613 2380 944 2752 2728 3213 425 930 520 1311 6539 6142 
 613 372 436 2299 772 2418 2481 3060 264 612 345 1132 6649 6142 
 396 372 308 1930 657 2076 2105 2084 264 612 244 962 5968 5375 
 396 372 308 1930 657 2076 2105 2084 264 612 244 962 5567 5038 
 396 372 308 1930 657 2076 2105 2084 264 612 244 962 5567 5038 
 613 372 436 2196 657 2076 2358 2549 264 612 244 962 5968 5375 
 613 372 436 1930 657 2076 2105 2549 264 612 244 962 5968 5375 
 396 372 436 1930 657 2076 2105 2335 264 612 244 962 5968 5038 
 396 372 308 1930 657 2076 2105 2084 264 612 244 962 5567 5038 
 1693 1626 1329 7346 2728 7972 8125 6329 1065 2376 994 3990 19807 18807 
 