nasa4704 crystm01 bcsstk15 bodyy4 aft01 bodyy5 bodyy6 bcsstk18 bcsstk24 Muu nasa2910 t2dah_e obstclae jnlbrng1 
0.013979 0.012523 0.018304 0.039997 0.016816 0.042430 0.043357 0.038707 0.012279 0.015212 0.009177 0.021973 0.108471 0.098227 
 0.014757 0.011634 0.021360 0.041343 0.016769 0.044171 0.045661 0.042995 0.013643 0.015049 0.009658 0.023710 0.112396 0.101671 
 0.015887 0.011906 0.024164 0.041791 0.016644 0.043772 0.045615 0.045395 0.013586 0.015108 0.010159 0.024560 0.111470 0.098738 
 0.016186 0.012078 0.024232 0.041452 0.017080 0.043827 0.045053 0.046278 0.013951 0.015044 0.010182 0.024638 0.111777 0.099786 
 0.016128 0.012006 0.024552 0.041693 0.016456 0.044142 0.045369 0.045570 0.013743 0.014872 0.010083 0.024638 0.111090 0.099277 
 0.015188 0.011816 0.021072 0.041344 0.016508 0.044156 0.044933 0.042366 0.013611 0.014658 0.009993 0.024048 0.111766 0.099374 
 0.014805 0.012296 0.021216 0.041229 0.016596 0.043504 0.045176 0.042153 0.013741 0.015287 0.010479 0.025406 0.111246 0.099141 
 0.016397 0.012450 0.021283 0.041528 0.016538 0.043738 0.045112 0.042291 0.013764 0.015485 0.009918 0.025149 0.110991 0.099498 
 0.015886 0.011901 0.023669 0.041380 0.016269 0.043948 0.045147 0.045397 0.013444 0.015325 0.010069 0.024066 0.112118 0.099664 
 0.039512 0.041928 0.038586 0.082484 0.049853 0.092296 0.089228 0.080033 0.041292 0.048531 0.029911 0.064299 0.197767 0.180935 
 