nasa4704 crystm01 bcsstk15 bodyy4 aft01 bodyy5 bodyy6 bcsstk18 bcsstk24 Muu nasa2910 t2dah_e obstclae jnlbrng1 
0.012342 0.009542 0.015929 0.036754 0.013898 0.037977 0.040256 0.036861 0.010408 0.012119 0.006975 0.019041 0.105608 0.090281 
 0.012534 0.009603 0.018696 0.038395 0.014581 0.040250 0.042150 0.040920 0.011741 0.012059 0.007453 0.019699 0.109572 0.087434 
 0.013995 0.009799 0.021653 0.037973 0.014526 0.039718 0.041096 0.043813 0.011765 0.012043 0.007671 0.019551 0.099995 0.093751 
 0.013807 0.009573 0.021760 0.038269 0.014373 0.039414 0.042337 0.043789 0.011860 0.011890 0.007751 0.019871 0.108134 0.095103 
 0.013969 0.009660 0.021819 0.038039 0.014410 0.040909 0.041454 0.043491 0.011810 0.012142 0.007480 0.019423 0.106756 0.089853 
 0.012649 0.009392 0.018666 0.037151 0.014336 0.039257 0.041993 0.040242 0.011823 0.012247 0.007806 0.020087 0.103040 0.087516 
 0.012599 0.009418 0.018843 0.037686 0.014272 0.040476 0.042368 0.040231 0.011767 0.012112 0.007530 0.020030 0.106393 0.095355 
 0.014067 0.009770 0.018825 0.038738 0.014285 0.041049 0.040669 0.040836 0.011487 0.012226 0.007706 0.019658 0.101153 0.086469 
 0.013886 0.009387 0.021754 0.037196 0.014198 0.040386 0.040947 0.043635 0.011717 0.012078 0.007742 0.019690 0.104977 0.096371 
 0.022739 0.020598 0.021516 0.059179 0.030578 0.064265 0.065594 0.053375 0.022114 0.029555 0.015239 0.041449 0.130974 0.122532 
 