nasa4704 crystm01 bcsstk15 bodyy4 aft01 bodyy5 bodyy6 bcsstk18 bcsstk24 Muu nasa2910 t2dah_e obstclae jnlbrng1 
0.0130148 0.0107354 0.0169778 0.0382869 0.0150474 0.0408825 0.0416488 0.037731 0.0112652 0.0135336 0.00798164 0.0200078 0.107318 0.0960187 
 0.0136157 0.0105658 0.019584 0.0401759 0.0154069 0.0427111 0.0438592 0.0420065 0.0125603 0.0135109 0.00815874 0.0209041 0.110935 0.0994799 
 0.0147654 0.010603 0.0228039 0.0398829 0.0151758 0.0424466 0.0438561 0.0445846 0.0125814 0.0134636 0.00866547 0.0210758 0.109302 0.0972788 
 0.0148412 0.0105339 0.0228732 0.0399823 0.0152878 0.0423651 0.0438281 0.0445687 0.0126883 0.0134083 0.00849685 0.0209072 0.110265 0.0979996 
 0.0147369 0.0106418 0.022863 0.0401035 0.0151788 0.042505 0.0435576 0.0445249 0.0125238 0.0133403 0.00857159 0.021234 0.109982 0.0975363 
 0.0135434 0.0105164 0.0197685 0.0400698 0.0152173 0.0424789 0.0435849 0.0412092 0.0125975 0.0132235 0.0084856 0.0210361 0.110327 0.0978527 
 0.0136051 0.010547 0.0197517 0.0402126 0.0152759 0.0423301 0.0437327 0.0410531 0.0126013 0.0132981 0.00852897 0.021171 0.110065 0.097742 
 0.0149014 0.0106428 0.0197914 0.0400824 0.0151632 0.0423734 0.0435032 0.0415599 0.0125621 0.0134303 0.00855184 0.0211225 0.109318 0.0977384 
 0.0147616 0.0106152 0.0227831 0.0401623 0.0150055 0.0426053 0.0434158 0.0444356 0.0124437 0.0132795 0.00840841 0.0209025 0.110382 0.0983015 
 0.0323006 0.0290839 0.0296704 0.0704461 0.0419906 0.0758616 0.0763816 0.0638123 0.0302202 0.0387731 0.0220001 0.0517329 0.156065 0.149184 
 